0.714600
0.988100
0.732100
0.677500
0.474400
0.978100
0.483400
0.089300
0.030900
0.833700
0.800900
0.678400
0.730000
0.196900
0.355300
0.259100
0.552000
0.934900
0.649500
0.706000
0.895700
0.031200
0.457300
0.115300
0.123500
0.170400
0.734400
0.171800
0.753100
0.176000
0.250100
0.467700
0.799300
0.982200
0.780500
0.909000
0.595600
0.263900
0.633500
0.626500
0.732800
0.434400
0.940100
0.462800
0.266500
0.930700
0.722000
0.818500
0.865600
0.006700
0.159700
0.396500
0.037900
0.617100
0.511800
0.796600
0.422700
0.881500
0.968500
0.811000
0.692700
0.218600
0.278700
0.127200
