0.076600
0.246200
0.646800
0.350000
0.256300
0.100400
0.520300
0.143900
0.959800
0.164600
0.801900
0.956400
0.242700
0.230800
0.443500
0.572000
0.688800
0.865200
0.092300
0.997800
0.226000
0.490500
0.690500
0.655600
0.478800
0.352400
0.828900
0.598500
0.552700
0.846500
0.110300
0.264600
0.727900
0.392300
0.614600
0.984300
0.492700
0.134900
0.763400
0.087700
0.299600
0.565300
0.044100
0.177500
0.796200
0.122800
0.749500
0.120200
0.623300
0.477000
0.753200
0.849300
0.602800
0.443700
0.504900
0.081600
0.431300
0.969000
0.680100
0.984100
0.450800
0.425600
0.883900
0.178700
